vesselCount = 1
UT = 209042.40710713869
gameMode = CAREER
gameNull = False
gameCompatible = True
funds = 32164.772949295817
science = 1
reputationPercent = 0
ongoingContracts = 2
missionCurrentScore = 0
missionIsStarted = False
missionIsEnded = False
missionHistoryId = 00000000-0000-0000-0000-000000000000
missionExpansionVersion = 
saveMD5 = 9436ae4b09a5ef627a2562133a313dc0
