vesselCount = 1
UT = 208530.9871074066
gameMode = CAREER
gameNull = False
gameCompatible = True
funds = 32164.772949295817
science = 1
reputationPercent = 0
ongoingContracts = 2
missionCurrentScore = 0
missionIsStarted = False
missionIsEnded = False
missionHistoryId = 00000000-0000-0000-0000-000000000000
missionExpansionVersion = 
saveMD5 = 8958416fa22a3951e26527a761d57e70
