vesselCount = 0
UT = 6415.9392429003192
gameMode = CAREER
gameNull = False
gameCompatible = True
funds = 33745.944091873942
science = 0
reputationPercent = 0
ongoingContracts = 0
missionCurrentScore = 0
missionIsStarted = False
missionIsEnded = False
missionHistoryId = 00000000-0000-0000-0000-000000000000
missionExpansionVersion = 
saveMD5 = 8468110ebb863516d8aefee45d63e754
