vesselCount = 1
UT = 237793.02867954187
gameMode = CAREER
gameNull = False
gameCompatible = True
funds = 30549.137277009904
science = 1
reputationPercent = 0
ongoingContracts = 2
missionCurrentScore = 0
missionIsStarted = False
missionIsEnded = False
missionHistoryId = 00000000-0000-0000-0000-000000000000
missionExpansionVersion = 
saveMD5 = 481e4c4ea17bece455655ab5b714254c
