vesselCount = 1
UT = 1196417.9124761031
gameMode = CAREER
gameNull = False
gameCompatible = True
funds = 8380.4649443890958
science = 6
reputationPercent = 1
ongoingContracts = 2
missionCurrentScore = 0
missionIsStarted = False
missionIsEnded = False
missionHistoryId = 00000000-0000-0000-0000-000000000000
missionExpansionVersion = 
saveMD5 = 5a643786520c3752d388d3ead1f6fc72
