vesselCount = 1
UT = 5284.8926386999246
gameMode = CAREER
gameNull = False
gameCompatible = True
funds = 34143.057068861912
science = 0
reputationPercent = 0
ongoingContracts = 2
missionCurrentScore = 0
missionIsStarted = False
missionIsEnded = False
missionHistoryId = 00000000-0000-0000-0000-000000000000
missionExpansionVersion = 
saveMD5 = 762a1a043d7de15a700734389149d647
