vesselCount = 1
UT = 1196867.3631688342
gameMode = CAREER
gameNull = False
gameCompatible = True
funds = 8380.4649443890958
science = 6
reputationPercent = 1
ongoingContracts = 2
missionCurrentScore = 0
missionIsStarted = False
missionIsEnded = False
missionHistoryId = 00000000-0000-0000-0000-000000000000
missionExpansionVersion = 
saveMD5 = 84305de206fa1e0e48f021d2dac7736b
