vesselCount = 1
UT = 239956.22867840863
gameMode = CAREER
gameNull = False
gameCompatible = True
funds = 30549.137277009904
science = 5
reputationPercent = 0
ongoingContracts = 2
missionCurrentScore = 0
missionIsStarted = False
missionIsEnded = False
missionHistoryId = 00000000-0000-0000-0000-000000000000
missionExpansionVersion = 
saveMD5 = 4468d8069cbfc33e9a6769b260c4792f
