vesselCount = 0
UT = 241281.83128031416
gameMode = CAREER
gameNull = False
gameCompatible = True
funds = 30806.830132844865
science = 13
reputationPercent = 3
ongoingContracts = 1
missionCurrentScore = 0
missionIsStarted = False
missionIsEnded = False
missionHistoryId = 00000000-0000-0000-0000-000000000000
missionExpansionVersion = 
saveMD5 = 57c64b842f37b58bdc13d2e98d75d144
