vesselCount = 0
UT = 241272.23128031919
gameMode = CAREER
gameNull = False
gameCompatible = True
funds = 30806.830132844865
science = 13
reputationPercent = 3
ongoingContracts = 1
missionCurrentScore = 0
missionIsStarted = False
missionIsEnded = False
missionHistoryId = 00000000-0000-0000-0000-000000000000
missionExpansionVersion = 
saveMD5 = 7145a45af0747c3ad7e9b4f4ac29225f
