vesselCount = 1
UT = 1197334.8031692696
gameMode = CAREER
gameNull = False
gameCompatible = True
funds = 8380.4649443890958
science = 6
reputationPercent = 2
ongoingContracts = 2
missionCurrentScore = 0
missionIsStarted = False
missionIsEnded = False
missionHistoryId = 00000000-0000-0000-0000-000000000000
missionExpansionVersion = 
saveMD5 = 4752055734847319e45662bb7c7ba6c9
