vesselCount = 1
UT = 239955.66867840893
gameMode = CAREER
gameNull = False
gameCompatible = True
funds = 30549.137277009904
science = 5
reputationPercent = 0
ongoingContracts = 2
missionCurrentScore = 0
missionIsStarted = False
missionIsEnded = False
missionHistoryId = 00000000-0000-0000-0000-000000000000
missionExpansionVersion = 
saveMD5 = 79af12610f0220b112cfc186661a18a6
