vesselCount = 0
UT = 2765.4155547000469
gameMode = CAREER
gameNull = False
gameCompatible = True
funds = 32400.137277009904
science = 0
reputationPercent = 0
ongoingContracts = 2
missionCurrentScore = 0
missionIsStarted = False
missionIsEnded = False
missionHistoryId = 00000000-0000-0000-0000-000000000000
missionExpansionVersion = 
saveMD5 = 66c2e6e619d0bce24ddd6ceaae9666f6
