vesselCount = 0
UT = 11713.907107413414
gameMode = CAREER
gameNull = False
gameCompatible = True
funds = 32164.772949295817
science = 0
reputationPercent = 0
ongoingContracts = 2
missionCurrentScore = 0
missionIsStarted = False
missionIsEnded = False
missionHistoryId = 00000000-0000-0000-0000-000000000000
missionExpansionVersion = 
saveMD5 = 4faf47e6aca53d440e71924053e040fe
