vesselCount = 0
UT = 1192818.3034386963
gameMode = CAREER
gameNull = False
gameCompatible = True
funds = 8480.4629867341428
science = 6
reputationPercent = 0
ongoingContracts = 2
missionCurrentScore = 0
missionIsStarted = False
missionIsEnded = False
missionHistoryId = 00000000-0000-0000-0000-000000000000
missionExpansionVersion = 
saveMD5 = 1c654ec16d3d21397d9d55724f0b3e71
