vesselCount = 0
UT = 6415.9392429003192
gameMode = CAREER
gameNull = False
gameCompatible = True
funds = 35383.029663163004
science = 0
reputationPercent = 0
ongoingContracts = 0
missionCurrentScore = 0
missionIsStarted = False
missionIsEnded = False
missionHistoryId = 00000000-0000-0000-0000-000000000000
missionExpansionVersion = 
saveMD5 = 21608cc5b4593bd90ab87687ceb9a3d0
