vesselCount = 0
UT = 241213.33128035004
gameMode = CAREER
gameNull = False
gameCompatible = True
funds = 30806.830132844865
science = 13
reputationPercent = 3
ongoingContracts = 1
missionCurrentScore = 0
missionIsStarted = False
missionIsEnded = False
missionHistoryId = 00000000-0000-0000-0000-000000000000
missionExpansionVersion = 
saveMD5 = 882c630e9a4d1f5685dd6c54697a6bd6
