vesselCount = 0
UT = 10579.14037071231
gameMode = CAREER
gameNull = False
gameCompatible = True
funds = 33745.944091873942
science = 0
reputationPercent = 0
ongoingContracts = 2
missionCurrentScore = 0
missionIsStarted = False
missionIsEnded = False
missionHistoryId = 00000000-0000-0000-0000-000000000000
missionExpansionVersion = 
saveMD5 = 866e506c9cd3cded459f7495c1a91a73
