vesselCount = 1
UT = 1881.5505385689432
gameMode = CAREER
gameNull = False
gameCompatible = True
funds = 36212.466796875
science = 0
reputationPercent = 1
ongoingContracts = 2
missionCurrentScore = 0
missionIsStarted = False
missionIsEnded = False
missionHistoryId = 00000000-0000-0000-0000-000000000000
missionExpansionVersion = 
saveMD5 = 0a2feb90d9855ec9d1c7171f0272a2e3
