vesselCount = 0
UT = 5284.3726386999133
gameMode = CAREER
gameNull = False
gameCompatible = True
funds = 35167.160340346287
science = 0
reputationPercent = 0
ongoingContracts = 2
missionCurrentScore = 0
missionIsStarted = False
missionIsEnded = False
missionHistoryId = 00000000-0000-0000-0000-000000000000
missionExpansionVersion = 
saveMD5 = 222234fe8dcfc9c6e0462c93ef63f708
