vesselCount = 0
UT = 1384.4155675999939
gameMode = CAREER
gameNull = False
gameCompatible = True
funds = 36717.085571289063
science = 0
reputationPercent = 0
ongoingContracts = 2
missionCurrentScore = 0
missionIsStarted = False
missionIsEnded = False
missionHistoryId = 00000000-0000-0000-0000-000000000000
missionExpansionVersion = 
saveMD5 = 2513f4005fc4cf8b264b721665526ef9
