vesselCount = 0
UT = 10581.980370712372
gameMode = CAREER
gameNull = False
gameCompatible = True
funds = 33745.944091873942
science = 0
reputationPercent = 0
ongoingContracts = 2
missionCurrentScore = 0
missionIsStarted = False
missionIsEnded = False
missionHistoryId = 00000000-0000-0000-0000-000000000000
missionExpansionVersion = 
saveMD5 = 1e50890e1454961d4506f2b19a0f4fc2
